#Date        Time         gpu    pwr  gtemp  mtemp     sm    mem    enc    dec    jpg    ofa   mclk   pclk     fb   bar1   ccpm 
#YYYYMMDD    HH:MM:SS     Idx      W      C      C      %      %      %      %      %      %    MHz    MHz     MB     MB     MB 
 20260928    18:20:45       0    395     64     65     98     14      0      0      0      0   2619   1365  86195  86196      0 
 20260928    18:20:45       1     90     31     38      0      0      0      0      0      0   2619   1785    759    760      0 
 20260928    18:20:46       0    394     64     64     98     14      0      0      0      0   2619   1380  86195  86196      0 
 20260928    18:20:46       1     90     31     37      0      0      0      0      0      0   2619   1785    759    760      0 
 20260928    18:20:47       0    394     63     65     98     14      0      0      0      0   2619   1380  86195  86196      0 
 20260928    18:20:47       1     90     31     37      0      0      0      0      0      0   2619   1785    759    760      0 
 20260928    18:20:48       0    393     63     64     98     14      0      0      0      0   2619   1380  86195  86196      0 
 20260928    18:20:48       1     90     31     37      0      0      0      0      0      0   2619   1785   1377   1377      0 
 20260928    18:20:49       0    394     63     64     97     13      0      0      0      0   2619   1380  86195  86196      0 
 20260928    18:20:49       1     90     31     37      0      0      0      0      0      0   2619   1785   1377   1377      0 
 20260928    18:20:50       0    395     64     65     97     13      0      0      0      0   2619   1365  86195  86196      0 
 20260928    18:20:50       1     90     31     37      0      0      0      0      0      0   2619   1785   1377   1377      0 
 20260928    18:20:51       0    392     63     65     98     13      0      0      0      0   2619   1470  86195  86196      0 
 20260928    18:20:51       1     90     31     37      0      0      0      0      0      0   2619   1785   1377   1377      0 
 20260928    18:20:52       0    392     64     64     97     13      0      0      0      0   2619   1380  86195  86196      0 
 20260928    18:20:52       1     90     31     37      0      0      0      0      0      0   2619   1785   1377   1377      0 
 20260928    18:20:53       0    396     63     65    100     13      0      0      0      0   2619   1380  86195  86196      0 
 20260928    18:20:53       1    128     32     37      0      0      0      0      0      0   2619   1785  58137  58137      0 
 20260928    18:20:54       0    373     61     65     83     11      0      0      0      0   2619   1770  86195  86196      0 
 20260928    18:20:54       1     90     31     38      0      0      0      0      0      0   2619   1785  58137  58137      0 
